version: 1
creator: callgrind-3.6.0.SVN-Debian
pid: 2944
cmd:  ./prog2
part: 1


desc: I1 cache: 
desc: D1 cache: 
desc: L2 cache: 

desc: Timerange: Basic block 0 - 240758429
desc: Trigger: Program termination

positions: line
events: Ir
summary: 1195144683


ob=(2) ???
fl=(16) ???
fn=(338) 0x04020548
0 7
cob=(3) /usr/lib/valgrind/vgpreload_core-x86-linux.so
cfi=(42) ???
cfn=(340) 0x00000350
calls=1 0 
0 883
0 4

fn=(194) 0x040202d8
0 10
cob=(3)
cfi=(42)
cfn=(198) 0x000003d0
calls=1 0 
0 15
0 1
cob=(3)
cfi=(42)
cfn=(208) 0x00000510
calls=1 0 
0 15
0 4

fn=(328) 0x0804878c
0 7
cob=(5) /home/ubuntu/prog2
cfi=(53) ???
cfn=(330) 0x08048360
calls=1 0 
0 18
0 4

fn=(270) 0x080482ac
0 10
cob=(5)
cfi=(53)
cfn=(274) 0x080483c0
calls=1 0 
0 8
0 1
cob=(5)
cfi=(53)
cfn=(280) 0x08048760
calls=1 0 
0 11
0 4

ob=(1) /lib/ld-2.12.1.so
fl=(9) /build/buildd/eglibc-2.12.1/elf/../sysdeps/unix/sysv/linux/dl-sysdep.c
fn=(58) _dl_discover_osversion
67 6
cfi=(3) /build/buildd/eglibc-2.12.1/elf/../sysdeps/i386/dl-tlsdesc.S
cfn=(4) 0x0001766b
calls=1 +64 
* 2
* 2
+2 4
+85 6
-45 3
cfi=(20) /build/buildd/eglibc-2.12.1/posix/../sysdeps/unix/syscall-template.S
cfn=(60) uname
calls=1 -27 
* 8
* 3
+12 3
+10 12
+2 3
+2 3
-2 6
+2 9
+3 4
-3 4
+7 3
-1 3
+2 3
+2 14
+5 3

fl=(22) /build/buildd/eglibc-2.12.1/io/../sysdeps/unix/syscall-template.S
fn=(106) read
82 18
+1 2

fn=(116) close
82 21
+1 3

fn=(66) access
82 24
+1 6
cfn=(68) 0x00017667
calls=3 +1 
* 6
* 18

fn=(104) open
82 171
+1 35
cfn=(68)
calls=16 +1 
* 32
* 96

fn=(68)
84 46

fl=(41) /build/buildd/eglibc-2.12.1/elf/dl-init.c
fn=(190) _dl_init
93 7
cfi=(3)
cfn=(4)
calls=1 +38 
* 2
* 2
+2 1
-2 1
+1 1
-1 1
+5 3
+7 2
+27 1
+1 1
-1 1
+1 3
+1 9
cfn=(192) call_init
calls=1 -98 
* 34
* 27
cfn=(192)
calls=3 -98 
* 7868
-1 8
+7 6
-40 7
cfn=(192)
calls=1 -64 
* 94
+1 3

fn=(192)
36 35
+1 5
-1 5
cfi=(3)
cfn=(4)
calls=5 +95 
* 10
* 5
+1 10
+9 4
-3 12
+3 16
+5 9
+5 4
+8 4
+6 20
cob=(4) /lib/libc-2.12.1.so
cfi=(43) /build/buildd/eglibc-2.12.1/csu/../sysdeps/unix/sysv/linux/init-first.c
cfn=(216) _init
calls=1 -18 
* 7768
cob=(2)
cfi=(16)
cfn=(194)
calls=1 -70 
* 45
* 2
+4 2
+1 4
+12 30
-35 3
-5 3

fl=(18) /build/buildd/eglibc-2.12.1/string/../sysdeps/i386/i686/multiarch/../memcpy.S
fn=(48) memcpy
44 12
+1 12
+1 12
+1 12
+2 12
+1 12
+1 12
+1 12
+1 12
+1 12
+2 8
+1 8
+2 8
+1 8
+11 8
+1 8
+1 8
+1 8
+1 42
+2 8
+1 14
+2 8
+2 8
+1 8
+1 8
+4 8
-6 4
+1 4
+1 4
+4 4
+6 4
+1 4
+1 3
+1 3
+1 3
-1 1
+1 1
+1 3
+1 21
+2 4

fl=(36) /build/buildd/eglibc-2.12.1/elf/dl-tls.c
fn=(136) _dl_next_tls_modid
54 5
cfi=(3)
cfn=(4)
calls=1 +77 
* 2
* 3
+3 3
+48 2
+4 6

fn=(150) _dl_determine_tlsoffset
116 6
cfi=(3)
cfn=(4)
calls=1 +15 
* 2
* 2
+6 4
+3 4
+36 3
+2 10
-2 6
+5 2
+4 1
-4 3
+2 3
+2 1
-2 1
+2 7
+16 6
+2 3
-2 2
+2 2
+10 3
-37 3
+40 1
+52 1
-52 1
+1 2
+51 1
-51 3
+52 6

fn=(176) _dl_allocate_tls_init
380 7
cfi=(3)
cfn=(4)
calls=1 131 
* 2
* 1
+1 1
-1 1
+1 1
+12 1
-8 1
+8 4
-8 2
+13 7
+6 9
+22 2
+1 4
+2 2
+1 2
+8 1
-8 1
+8 1
+1 2
+1 10
cfi=(23) /build/buildd/eglibc-2.12.1/string/../sysdeps/i386/i686/multiarch/../mempcpy.S
cfn=(70) mempcpy
calls=1 44 
* 16
* 5
cfi=(31) /build/buildd/eglibc-2.12.1/string/../sysdeps/i386/i686/multiarch/../memset.S
cfn=(112) memset
calls=1 52 
* 33
-42 4
+6 6
+3 1
+1 2
+8 1
-2 3
+2 1
-2 1
+2 1
+38 3
+3 7

fn=(174) _dl_add_to_slotinfo
820 6
cfi=(3)
cfn=(4)
calls=1 131 
* 2
* 2
+6 2
+3 2
+5 3
+41 2
+1 3
+1 6

fn=(152) _dl_allocate_tls_storage
332 5
cfi=(3)
cfn=(4)
calls=1 131 
* 2
* 3
+2 1
+11 4
cfi=(17) /build/buildd/eglibc-2.12.1/elf/dl-minimal.c
cfn=(46) __libc_memalign
calls=1 53 
* 78
+1 1
-1 1
+1 1
+7 1
+4 1
-4 1
+4 305
-58 1
+1 1
-1 1
+1 3
cfi=(17)
cfn=(38) calloc
calls=1 108 
* 77
+1 2
+3 1
+6 2
+64 7

fl=(27) /build/buildd/eglibc-2.12.1/elf/dl-error.c
fn=(138) _dl_receive_error
198 5
cfi=(3)
cfn=(4)
calls=1 -67 
* 2
* 6
+1 1
cfi=(2) /build/buildd/eglibc-2.12.1/elf/rtld.c
cfn=(88) _dl_initial_error_catch_tsd
calls=1 792 
* 9
+5 1
+4 1
+2 1
-7 1
+7 1
-3 1
+3 3
cfi=(2)
cfn=(140) version_check_doit
calls=1 659 
* 2974
+2 2
+1 1
-1 1
+2 1
-1 1
+1 5

fn=(86) _dl_catch_error
160 15
cfi=(3)
cfn=(4)
calls=3 -29 
* 6
* 15
+9 3
+2 3
cfi=(2)
cfn=(88)
calls=3 792 
* 27
* 3
+1 3
+2 3
-2 3
+2 9
cfi=(28) /build/buildd/eglibc-2.12.1/setjmp/../sysdeps/i386/setjmp.S
cfn=(90) __sigsetjmp
calls=3 34 
* 33
+1 3
-1 3
+1 3
+2 9
+1 9
cfi=(32) /build/buildd/eglibc-2.12.1/elf/dl-deps.c
cfn=(120) openaux
calls=2 62 
* 8079
cfi=(2)
cfn=(92) map_doit
calls=1 627 
* 2700
+1 9
+1 3
+1 3
-1 3
+2 3
-1 3
+1 3
+10 18

fl=(32)
fn=(118) _dl_map_object_deps
149 7
+1 1
-1 1
+16 1
-16 1
cfi=(3)
cfn=(4)
calls=1 -18 
* 2
* 1
+1 5
+16 1
-16 1
+14 1
+1 1
+1 2
+6 4
+10 5
+1 1
-1 1
-18 1
+2 1
-1 1
+7 1
+10 1
-10 3
+10 6
+4 1
338 1
-8 1
186 1
303 1
186 1
+15 1
+2 1
+1 1
338 1
201 1
330 1
-27 2
-95 1
+5 1
-5 1
+5 1
+4 1
-9 1
+9 2
-9 3
+5 3
-5 3
+5 3
+4 3
-9 3
+9 6
+2 2
+3 16
+2 2
+8 2
-8 2
+11 2
-11 2
+8 2
-2 2
+5 2
-11 2
+5 2
+2 4
+4 8
+58 2
-58 2
+58 2
-58 4
+1 88
+6 12
cfi=(25) /build/buildd/eglibc-2.12.1/string/../sysdeps/i386/strchr.S
cfn=(74) index
calls=2 38 
* 138
* 6
+5 8
-3 2
+3 8
cfi=(27)
cfn=(86)
calls=2 -87 
* 8209
+2 2
-2 2
+2 4
+15 2
+2 4
+19 6
+1 5
-51 220
466 12
+2 8
+2 6
cfi=(17)
cfn=(42) malloc
calls=2 96 
* 102
+2 2
-2 2
+2 2
+3 2
+1 4
-1 2
+1 10
cfi=(18)
cfn=(48)
calls=2 44 
* 55
+1 12
cfi=(18)
cfn=(48)
calls=2 44 
* 55
+3 4
+4 20
+2 4
+1 23
277 2
-6 6
+8 2
-3 2
-2 2
+1 2
+2 2
+4 12
-59 10
+13 4
-18 21
+1 3
-1 6
+2 16
487 4
+4 2
+4 5
+11 4
cfi=(17)
cfn=(42)
calls=1 96 
* 51
+2 1
-2 1
+2 1
+5 3
+1 1
-1 1
+1 1
-1 1
+1 3
+4 16
+4 16
+4 4
-10 12
+13 3
+51 6
+2 5
+35 4
+7 1
+6 1
-6 2
+6 1
-6 1
+6 3
-6 2
+6 2
-6 4
+6 2
-6 2
+6 21
+5 18
+4 6
+1 4
-1 3
+1 4
+3 6
-1 9
-7 12
-13 12
+40 3
+2 1
+8 1
-8 1
+8 1
+3 2
+3 6
491 2
+1 3
288 210
617 8
cfi=(18)
cfn=(48)
calls=1 44 
* 30
+5 2

fn=(120)
62 2
+4 2
-4 10
+7 2
-3 8
-1 2
+1 2
-1 14
cfi=(21) /build/buildd/eglibc-2.12.1/elf/dl-load.c
cfn=(94) _dl_map_object
calls=2 1971 
* 8023
* 4
+5 10

fl=(8) /build/buildd/eglibc-2.12.1/elf/../elf/dl-sysdep.c
fn=(64) _dl_important_hwcaps
354 6
cfi=(3)
cfn=(4)
calls=1 131 
* 2
* 5
+2 6
+1 5
+9 6
+1 11
-1 1
+1 1
-1 1
+1 1
+1 2
-2 6
+1 286
-1 26
+1 26
-1 26
+1 26
+1 52
-2 345
+10 4
+4 2
+40 4
cfi=(22)
cfn=(66)
calls=1 82 
* 18
* 2
-2 2
+17 4
+3 1
-20 1
+17 1
+3 1
+22 4
+3 7
-3 26
+1 243
+2 16
+1 6
cfi=(11) /build/buildd/eglibc-2.12.1/string/../sysdeps/i386/i686/multiarch/../../i586/strlen.S
cfn=(22) strlen
calls=2 47 
* 50
+1 2
-1 4
+1 18
+1 2
-1 10
-5 85
+8 3
+2 1
+1 1
-1 2
+1 4
+8 1
-4 2
+4 1
-4 1
+1 1
+3 1
+3 2
+4 5
+1 2
+18 5
+1 1
-1 2
+1 2
cfi=(17)
cfn=(42)
calls=1 96 
* 51
+1 1
-1 2
+1 1
+7 2
+22 2
+3 1
-3 4
+3 1
+7 7
+9 1
-9 2
+9 1
-9 1
+9 1
-9 1
+9 2
-3 1
-3 1
+3 6
cfi=(23)
cfn=(70)
calls=1 44 
* 16
* 3
-3 3
+3 18
cfi=(23)
cfn=(70)
calls=3 44 
* 48
* 4
+3 4
-3 8
+3 12
+1 8
-1 4
+1 8
-1 12
+1 40
+1 12
-2 4
+2 20
cfi=(23)
cfn=(70)
calls=4 44 
* 60
* 8
-2 4
+2 8
-2 8
+5 32
cfi=(23)
cfn=(70)
calls=4 44 
* 60
* 8
+2 8
+5 2
-7 1
+7 5
+1 1
-1 3
+1 15
-1 49
+5 4
+3 3
-3 12
+3 21
+2 128
-2 32
+1 96
-1 28
+1 96
-1 64
+4 4
-4 4
+4 8
+3 1
+2 2
-1 1
-1 1
+2 1
-2 1
+1 1
+1 1
-1 1
+1 3
+3 9
+3 3
-6 6
+2 18
+3 6
+1 3
-6 10
+13 16
+3 3
-3 35
+3 21
+3 4
+3 7
489 5
+2 2
-1 4
+1 2
-1 4
+2 10
+7 4
-56 4

fn=(178) _dl_sysdep_start_cleanup
251 2
+1 2

fn=(14) _dl_sysdep_start
89 8
cfi=(3)
cfn=(4)
calls=1 +42 
* 2
* 1
+25 1
-1 1
+1 178
+6 2
-3 1
+3 1
-6 1
+3 1
+3 1
-2 1
+2 24
+1 108
+3 3
-4 64
+93 3
fi=(9)
36 2
cfi=(10) /build/buildd/eglibc-2.12.1/elf/../sysdeps/unix/sysv/linux/i386/brk.c
cfn=(18) brk
calls=1 * 
* 21
fi=(6) /build/buildd/eglibc-2.12.1/elf/../sysdeps/i386/dl-machine.h
273 5
fe=(8)
-44 2
cfi=(12) /build/buildd/eglibc-2.12.1/elf/../misc/sbrk.c
cfn=(24) sbrk
calls=1 35 
* 26
* 3
+12 3
+3 7
cfi=(2)
cfn=(26) dl_main
calls=1 887 
* 104018
+2 7
-67 1
-59 2
+59 1
-59 2
+34 1
-34 1
+34 1
-34 3
+43 1
-43 2
+43 1
-43 2
+40 1
-40 1
+40 3
-40 3
+37 1
-37 2
+37 1
-37 3
+13 1
-13 2
+13 1
-13 2
+10 1
-10 1
+10 1
-10 3
+7 1
-7 4
227 2
cfi=(11)
cfn=(22)
calls=1 47 
* 25
* 2

fl=(14) /build/buildd/eglibc-2.12.1/string/../sysdeps/i386/i686/multiarch/../memcmp.S
fn=(32) bcmp
58 1
+2 1
+1 1
+1 1
+2 1
+1 1
+18 1
+2 1
+2 1
+2 1
+1 1
+2 1
cfi=(3)
cfn=(4)
calls=1 +39 
* 2
* 2
+1 1
+1 1
+1 1
273 1
+1 1
+1 1
+1 1
+2 1
+1 1
+1 1
+1 1
+1 1
+1 1
+1 1
+1 1
+1 1
+1 1
+3 1
+1 2

fl=(3)
fn=(4)
131 477
fi=(14)
-78 477
fe=(3)

fl=(24) /build/buildd/eglibc-2.12.1/misc/../sysdeps/unix/sysv/linux/i386/mmap.S
fn=(72) mmap
35 8
+2 8
+2 8
+2 8
+3 8
+2 8
+1 8
+1 8
+2 8
+2 8
+2 8
+1 8
+1 8
+1 8
+2 8
+3 8
+3 8
+3 8
+3 8
+3 8
+24 8
+1 8
+4 8

fl=(10)
fn=(18)
36 5
cfi=(3)
cfn=(4)
calls=1 +95 
* 2
* 1
+5 5
+4 2
-2 1
+2 1
+7 4

fl=(17)
fn=(42)
96 80
cfi=(3)
cfn=(4)
calls=20 +35 
* 40
* 120
cfn=(46)
calls=20 -43 
* 750
+1 80

fn=(46)
53 126
cfi=(3)
cfn=(4)
calls=21 +78 
* 42
* 84
+1 83
+11 60
+3 40
-3 20
+3 20
-3 3
+3 2
-3 1
+3 77
+4 8
+1 6
+6 14
cfi=(24)
cfn=(72)
calls=2 -44 
* 46
+2 4
+3 2
+1 2
-1 2
+1 2
-1 4
+1 4
+3 2
+1 2
+2 12
-3 19
+1 19
+2 114
-31 1
-2 2
+1 5

fn=(78) strsep
320 24
+3 4
-3 4
cfi=(3)
cfn=(4)
calls=4 131 
* 8
* 4
+3 16
+2 8
+1 4
-1 4
+1 4
+4 16
+5 4
-5 171
+5 232
+2 472
+8 59
-15 177
+18 2
-18 2
+18 2
+4 28

fn=(38)
108 72
cfi=(3)
cfn=(4)
calls=8 +23 
* 16
* 8
+3 8
-3 8
+3 8
-3 8
+3 16
+4 16
cfn=(42)
calls=8 -19 
* 415
+1 48

fl=(30) /build/buildd/eglibc-2.12.1/io/../sysdeps/unix/sysv/linux/fxstat64.c
fn=(110) __fxstat64
46 6
+3 3
-3 3
+3 3
-3 3
cfi=(3)
cfn=(4)
calls=3 +85 
* 6
* 3
+3 18
+33 9

fl=(20)
fn=(60)
82 7
+1 1

fl=(15) /build/buildd/eglibc-2.12.1/elf/dl-object.c
fn=(34) _dl_new_object
36 18
cfi=(3)
cfn=(4)
calls=3 +95 
* 6
* 18
+3 6
cfi=(11)
cfn=(22)
calls=3 +8 
* 167
+6 3
-6 3
+7 3
-7 3
+7 3
+6 21
cfi=(17)
cfn=(38)
calls=3 +56 
* 238
+3 6
-3 3
+3 3
+4 6
-1 3
+4 9
+2 24
cfi=(18)
cfn=(48)
calls=3 -20 
* 90
* 6
+2 3
+2 3
-2 3
+3 3
-1 3
+1 15
+3 9
+6 3
+3 3
-7 3
+4 3
+3 5
+2 1
-2 3
+2 15
-2 45
+16 3
-4 6
+1 3
+3 9
cfi=(2)
cfn=(50) rtld_lock_default_lock_recursive
calls=3 834 
* 18
+5 29
+3 20
+2 2
+2 2
+3 14
+4 2
+1 2
-1 2
+1 6
+1 8
+2 4
cfi=(2)
cfn=(52) rtld_lock_default_unlock_recursive
calls=2 840 
* 12
-4 1
+1 1
-1 1
+1 3
+1 4
+2 2
cfi=(2)
cfn=(52)
calls=1 840 
* 6
+3 7
+4 6
+4 16
+8 1
+6 1
-3 2
+3 5
-3 4
+3 6
+2 6
cfi=(11)
cfn=(22)
calls=2 47 
* 168
+4 2
-4 2
+4 2
-4 2
+4 2
+64 2
+7 21
46 30
+85 4
-58 6
217 6
-86 1
-4 1
+4 3
-16 5
+40 4
cfi=(17)
cfn=(42)
calls=2 -59 
* 102
* 2
+1 6
+45 14
cfi=(23)
cfn=(70)
calls=2 44 
* 45
* 4
+6 76
-1 38
+1 40
-1 2
+1 2
+2 4
+3 4

fl=(23)
fn=(70)
44 49
+1 49
+2 49
+2 49
+2 49
+2 49
+1 49
+1 49
+1 15
+1 15
+1 15
-1 34
+1 34
+1 32
+1 143
+2 49
+2 49
+5 49

fl=(39) /build/buildd/eglibc-2.12.1/elf/dl-reloc.c
fn=(170) _dl_protect_relro
334 20
cfi=(3)
cfn=(4)
calls=4 131 
* 8
* 8
+1 4
-1 4
+1 4
+1 16
+2 8
+2 8
+1 20
cfi=(40) /build/buildd/eglibc-2.12.1/misc/../sysdeps/unix/syscall-template.S
cfn=(172) mprotect
calls=4 82 
* 40
-1 8
+7 20

fn=(158) _dl_relocate_object
158 32
cfi=(3)
cfn=(4)
calls=4 -27 
* 8
* 4
+10 8
+4 4
-4 4
+4 4
+1 20
+6 12
+6 12
+4 8
+8 20
+45 4
fi=(6)
104 4
fe=(39)
242 12
fi=(6)
104 4
fe=(39)
268 84
156 4
268 4
156 4
268 16
fi=(5) /build/buildd/eglibc-2.12.1/elf/do-rel.h
65 4
-7 4
+7 4
-7 4
+7 4
fe=(39)
268 8
fi=(5)
65 4
-7 4
+7 4
-7 4
+7 4
+3 8
fi=(6)
402 9
661 3
-1 6
+1 3
+2 6
-2 12
-1 24
+1 12
+2 24
+2 60
+1 30
fi=(5)
68 54
+59 3
fe=(39)
268 9
fi=(5)
127 5
fe=(39)
268 27
+3 8
+40 12
+3 8
+13 12
+1 8
cfn=(170)
calls=4 +6 
* 168
* 4
+1 24
fi=(6)
104 9
+6 6
+4 9
+5 6
+8 9
+13 9
fe=(39)
+46 24
fi=(5)
75 16
+1 31
+15 6
-12 3
+12 5
-12 1
+12 1
+7 9
+6 4
fi=(6)
640 2
fi=(5)
105 2
fi=(6)
640 2
-1 6
+1 1251
fi=(5)
105 1251
fi=(6)
640 1251
-1 1251
fi=(5)
104 1251
fi=(6)
641 1251
fi=(5)
104 2504
fi=(6)
641 2
fi=(5)
104 4
+7 16
+4 3
+2 3
-2 3
+2 3
fi=(6)
467 6
-65 3
+8 3
+57 6
-65 3
+8 6
fi=(5)
119 6
+3 6
-3 3
fi=(6)
317 3
fi=(5)
119 6
+1 6
fi=(6)
320 3
fi=(5)
122 3
fi=(6)
317 3
fi=(5)
119 3
+1 15
fi=(6)
320 3
fi=(5)
119 200
+3 200
-3 100
fi=(6)
317 100
fi=(5)
119 200
+1 200
fi=(6)
320 100
fi=(5)
122 100
fi=(6)
317 100
fi=(5)
119 100
+1 500
fi=(6)
320 100
+17 309
+7 2385
fi=(5)
120 80
fi=(6)
344 240
fi=(5)
120 80
fi=(6)
344 240
fi=(5)
120 80
fi=(6)
344 326
fi=(5)
120 6
fi=(6)
344 18
fi=(5)
120 6
fi=(6)
344 18
fi=(5)
120 6
fi=(6)
344 1572
cfi=(7) /build/buildd/eglibc-2.12.1/elf/dl-lookup.c
cfn=(164) _dl_lookup_symbol_x
calls=86 713 
* 55934
* 516
+1 511
+2 206
+1 404
+5 206
fi=(5)
127 16
fi=(6)
353 412
478 81
fi=(5)
117 81
fi=(6)
478 81
fi=(5)
117 164
fi=(6)
450 10
fi=(5)
117 10
fi=(6)
450 10
fi=(5)
117 21
fi=(6)
371 4
+1 2
fi=(5)
117 2
fi=(6)
372 2
fi=(5)
117 2
fi=(6)
372 2
fi=(5)
117 2
fi=(6)
439 30
+2 30
+1 10
fi=(5)
117 10
fi=(6)
442 30
fi=(5)
117 10
fi=(6)
442 10
fi=(5)
117 10
fi=(6)
344 12
fe=(39)
-76 51
fi=(5)
127 2
fi=(6)
467 2
-65 1
+8 1
+57 2
-65 1
+8 2
fi=(5)
129 3
-1 2
fi=(6)
317 1
fi=(5)
128 3
fi=(6)
320 1
-3 1
fi=(5)
128 2
fi=(6)
320 1
fi=(5)
129 6
-1 4
fi=(6)
317 2
fi=(5)
128 6
fi=(6)
320 2
-3 2
fi=(5)
128 4
fi=(6)
320 2
+17 9
+7 141
cfi=(7)
cfn=(164)
calls=3 713 
* 1759
* 18
+1 11
+2 6
+1 4
+5 18
+37 9
fi=(5)
127 10
fe=(39)
268 74
156 4
268 8
156 4
fi=(6)
610 8
-50 8
+50 8
-50 4
fe=(39)
268 4
fi=(5)
75 4
fe=(39)
268 4
fi=(5)
75 4
+1 4
-18 8
+17 4
+1 8
-1 4
+1 4
fe=(39)
268 4
fi=(5)
75 4
fe=(39)
268 4
fi=(5)
75 4
+1 4
-18 8
+17 4
+1 8
-1 4
+1 4
+15 8
-12 8
+12 16
+10 24
+10 32
+4 6
+2 6
-2 6
+2 6
+10 8
fe=(39)
268 48
fi=(5)
104 12
+23 2
fi=(6)
568 4
fi=(5)
127 2
fi=(6)
344 145
fe=(39)

fl=(21)
fn=(98) expand_dynamic_string_token
314 5
cfi=(3)
cfn=(4)
calls=1 131 
* 2
* 5
+10 3
cfi=(25)
cfn=(74)
calls=1 38 
* 214
* 2
+15 1
-11 1
+11 4
-11 1
cfn=(100) local_strdup
calls=1 160 
* 238

fn=(122) cache_rpath
598 15
+1 12
+17 12

fn=(76) fillin_rpath
384 6
cfi=(3)
cfn=(4)
calls=1 131 
* 2
* 7
+11 1
+22 1
-22 1
+22 2
-29 5
cfi=(17)
cfn=(78)
calls=1 -68 
* 301
* 5
cfi=(17)
cfn=(78)
calls=1 -68 
* 27
* 6
+3 3
cfi=(11)
cfn=(22)
calls=1 47 
* 53
+4 1
-4 1
+4 1
+15 3
+29 17
+1 12
+12 1
+6 4
+3 6
cfi=(17)
cfn=(42)
calls=1 96 
* 51
+3 2
-3 1
+3 1
+4 1
+2 2
-2 2
+2 4
cfi=(23)
cfn=(70)
calls=1 44 
* 19
* 1
+1 1
+2 1
-2 1
+2 1
+6 2
+1 1
-1 3
+1 3
+1 1
-1 3
+1 15
-1 45
+4 1
-1 1
+1 1
-1 1
+1 1
+7 1
+4 1
-4 1
+4 1
-3 1
+3 4
-93 5
+5 4
+93 2
+3 1
-3 1
+3 6
-14 2

fn=(94)
1971 21
+7 3
-7 3
cfi=(3)
cfn=(4)
calls=3 131 
* 6
* 9
+7 6
+1 9
+3 18
+12 12
-12 18
+5 21
+1 14
+2 21
cfi=(29) /build/buildd/eglibc-2.12.1/elf/dl-misc.c
cfn=(96) _dl_name_match_p
calls=7 301 
* 559
* 14
2255 7
2014 4
-1 4
+10 2
-1 4
+24 2
+2 6
cfi=(25)
cfn=(74)
calls=2 38 
* 85
* 4
2187 2
+1 3
cfn=(98)
calls=1 314 
* 476
+2 1
-3 1
+3 1
+4 10
cfn=(102) open_verify
calls=1 1568 
* 214
+3 1
-3 1
+3 1
+11 6
+3 2
-3 2
+3 2
+41 2
+1 2
-1 2
+1 30
cfn=(108) _dl_map_object_from_fd
calls=2 842 
* 3762
+2 4
-2 2
+2 10
2013 4
+39 2
cfi=(11)
cfn=(22)
calls=1 47 
* 40
* 1
+2 1
-2 1
+2 1
+7 7
+35 3
+1 19
cfn=(124) open_path
calls=1 1822 
* 2965
+6 1
-6 1
+6 1
+78 2
-78 10
cfn=(122)
calls=1 598 
* 13
* 2
+7 4
+6 2
cfi=(34) /build/buildd/eglibc-2.12.1/elf/dl-cache.c
cfn=(128) _dl_load_cache_lookup
calls=1 183 
* 1654
+2 1
-2 1
+2 1
+4 3
+12 2
+22 11
cfn=(102)
calls=1 1568 
* 252
+3 1
-3 1
+3 1
+2 3
cfn=(100)
calls=1 160 
* 161
+1 2
-1 1
+1 1
-97 1
+5 1
-5 1
+5 1
+3 1
-3 1
+3 6
-3 1
+3 6
-3 3
+1 7
cfn=(122)
calls=1 598 
* 13
* 2
+14 5
+1 5
-1 8
cfn=(122)
calls=1 598 
* 13
* 2
-90 6
-1 12
+4 6
+2 8
cfi=(19) /build/buildd/eglibc-2.12.1/string/../sysdeps/i386/i686/multiarch/../strcmp.S
cfn=(54) strcmp
calls=2 34 
* 25
* 6

fn=(102)
1568 198
cfi=(3)
cfn=(4)
calls=18 131 
* 36
* 18
+36 18
-36 18
+36 69
1808 126
1625 72
cfi=(22)
cfn=(104)
calls=18 82 
* 324
+1 18
-1 18
+1 18
+11 2
-1 2
+1 12
cfi=(22)
cfn=(106)
calls=2 82 
* 20
* 4
+7 2
-7 2
+7 2
+16 26
+2 4
-2 30
+60 6
+5 6
+2 6
+6 6
+7 4
+1 2
-1 4
+1 6
+1 4
+15 82
+1 46
+4 10
+1 6
+14 14
+2 8
+5 1
+1 1
-13 40
+16 2
+3 1
+1 1
+1 1
+1 3
+1 1
-1 11
-42 3

fn=(100)
160 10
cfi=(3)
cfn=(4)
calls=2 -29 
* 4
* 2
+1 2
-1 6
+1 2
cfi=(11)
cfn=(22)
calls=2 47 
* 173
* 2
+1 4
cfi=(17)
cfn=(42)
calls=2 -66 
* 102
* 2
+2 6
+3 8
cfi=(18)
cfn=(48)
calls=2 44 
* 64
+1 12

fn=(124)
1822 7
+1 1
-1 1
cfi=(3)
cfn=(4)
calls=1 131 
* 2
* 2
+1 1
+6 1
-6 1
+6 1
+5 6
+46 2
-46 7
+75 2
-41 3
-22 3
+7 1
+1 1
-1 6
cfi=(23)
cfn=(70)
calls=1 44 
* 19
+1 2
-1 1
+1 3
+32 4
-12 32
-20 63
+3 32
+4 144
cfi=(23)
cfn=(70)
calls=16 44 
* 272
* 96
cfi=(23)
cfn=(70)
calls=16 44 
* 272
* 16
-1 16
+7 32
+3 176
cfn=(102)
calls=16 1568 
* 848
+2 16
-2 16
+2 48
+26 1
+41 6
+7 1
-2 1
+2 4
-67 48
+1 96
+79 16
-79 32
+6 48
+3 96
cfi=(33) /build/buildd/eglibc-2.12.1/io/../sysdeps/unix/sysv/linux/xstat64.c
cfn=(126) __xstat64
calls=16 47 
* 348
-1 32
+1 4
+2 30
+7 32
+51 3
+10 1
+4 7
-70 3

fn=(62) _dl_init_paths
622 6
cfi=(3)
cfn=(4)
calls=1 131 
* 2
* 3
+15 6
cfi=(8)
cfn=(64)
calls=1 354 
* 2664
* 2
+4 2
cfi=(17)
cfn=(42)
calls=1 96 
* 51
+2 1
-2 2
+2 1
+7 7
+4 3
cfi=(17)
cfn=(42)
calls=1 96 
* 94
* 2
+3 5
+7 2
+19 1
+3 2
-3 1
+3 3
-23 1
+20 2
+3 1
-22 1
+22 2
-14 1
+3 1
+2 1
-5 1
+2 2
+4 2
+1 1
+3 2
-10 3
+3 3
+2 3
-5 3
+2 6
+4 6
+1 3
+3 10
+1 12
+1 4
-1 12
+1 60
-1 188
+3 4
-3 4
+3 13
+4 3
-4 3
+4 10
-4 1
+11 1
-5 1
+1 1
+5 2
+2 4
+2 3
+32 6
+8 3
cfi=(25)
cfn=(74)
calls=1 38 
* 96
* 2
+2 3
cfi=(11)
cfn=(22)
calls=1 47 
* 55
* 10
cfi=(18)
cfn=(48)
calls=1 44 
* 25
* 1
+17 7
+2 1
+1 2
+1 1
-4 3
+2 13
+1 26
+1 13
-4 40
+7 2
cfi=(17)
cfn=(42)
calls=1 96 
* 51
+2 1
-2 1
+2 1
+6 10
cfn=(76)
calls=1 384 
* 662
+4 4
+6 1
-52 1
+58 2
+1 6
-75 1
-2 1
+2 2
+11 2

fn=(108)
842 12
cfi=(3)
cfn=(4)
calls=2 131 
* 4
* 6
+11 2
-11 2
+11 4
cfi=(26) /build/buildd/eglibc-2.12.1/elf/dl-debug.c
cfn=(80) _dl_debug_initialize
calls=2 49 
* 56
* 2
+4 12
cfi=(30)
cfn=(110)
calls=2 46 
* 36
* 4
+11 12
+1 14
-1 15
+1 40
+17 6
+22 4
+9 4
+21 8
+31 6
+3 20
cfi=(15)
cfn=(34)
calls=2 36 
* 1238
* 2
+1 2
-1 2
+1 2
-52 4
+63 2
+1 2
-64 2
+63 2
+2 2
-1 2
+4 2
-3 2
+2 2
+1 2
-1 2
+1 6
+1 4
+22 2
-17 2
+17 8
+8 2
-8 4
+8 6
-8 2
+8 2
+89 2
+7 2
-96 6
+89 4
+28 2
1020 2
+96 2
+21 6
1021 28
+6 4
+1 8
-8 96
+1 101
+60 3
+4 1
+1 2
+1 3
+4 2
+3 2
+4 4
+6 1
cfi=(36)
cfn=(136)
calls=1 54 
* 21
* 3
+1 1
-67 28
+6 28
+8 8
+1 4
-1 16
+1 16
+1 4
-1 4
+1 32
+2 12
+1 12
+1 12
+4 4
-4 4
+4 16
+5 16
+11 2
-11 16
+11 2
-46 2
+1 1
1163 4
+1 6
-5 4
+1 2
-70 4
+78 6
+13 2
985 2
1181 4
985 2
1181 10
+2 2
-2 2
+2 2
+19 26
cfi=(24)
cfn=(72)
calls=2 35 
* 46
+4 2
-4 2
+4 2
+7 6
+1 4
+2 2
-2 2
+2 2
+10 4
+35 8
+1 6
+2 12
+7 16
+7 2
-1 2
+1 2
+1 2
-2 2
+2 2
+1 4
-1 12
+8 4
+3 6
+11 16
cfi=(31)
cfn=(112)
calls=2 52 
* 449
+1 12
+5 4
+15 4
-73 24
+4 4
-2 4
+2 24
cfi=(24)
cfn=(72)
calls=2 35 
* 46
-2 4
+75 2
-77 2
+77 4
+9 2
fi=(4) /build/buildd/eglibc-2.12.1/elf/dynamic-link.h
113 2
fe=(21)
1335 2
fi=(4)
113 2
+6 2
-2 2
+2 4
+25 6
+20 7
+1 8
+1 8
+1 8
+2 6
+3 8
+2 8
+1 7
+1 8
+6 6
+7 6
+5 6
+4 6
+1 6
+12 6
+5 1
+2 1
-2 1
+2 1
+2 2
+2 2
+3 6
+2 2
+2 2
+3 6
fe=(21)
1341 6
+16 6
+19 4
+2 10
+51 6
+1 2
+3 3
cfi=(22)
cfn=(116)
calls=1 82 
* 8
* 3
cfi=(22)
cfn=(116)
calls=1 82 
* 8
* 4
+8 4
+3 6
+2 4
+16 4
cfi=(7)
cfn=(12) _dl_setup_hash
calls=2 858 
* 80
+4 4
+1 6
+17 4
+4 4
+5 2
-5 4
+1 4
+4 2
-4 4
+4 2
+8 2
-1 4
+20 14
fi=(4)
122 31
+15 31
-18 93
+18 10
-18 30
+2 82
+5 40
+1 32
+1 8
+3 8
+3 8
+1 8
fe=(21)
1485 2
1266 3
-2 2
+2 2
-2 3
+2 2
+1 7
+2 4
+42 10
cfi=(24)
cfn=(72)
calls=1 35 
* 23
+3 2
fi=(4)
189 4
fe=(21)

fl=(1) ???
fn=(0) 0x00000850
0 2
cfi=(2)
cfn=(2) _dl_start
calls=1 364 
0 105333
0 2
cfn=(186) 0x00000840
calls=1 0 
0 2
0 17
cfi=(41)
cfn=(190)
calls=1 93 
0 8082
0 3
cob=(5)
cfi=(53)
cfn=(244) 0x08048330
calls=1 0 
0 1195031242

fn=(186)
0 2

fl=(19)
fn=(54)
34 188
+1 188
+4 188
+1 188
+1 188
-2 1063
+1 1063
+1 1063
+1 1174
+1 1174
+1 1174
+1 1174
+2 111
+6 111
+3 77
+1 77
+1 77
+12 77

fl=(54) /build/buildd/eglibc-2.12.1/elf/../sysdeps/i386/dl-trampoline.S
fn=(252) _dl_runtime_resolve
29 4
+2 4
+2 4
+2 4
+1 4
+1 4
cfi=(55) /build/buildd/eglibc-2.12.1/elf/dl-runtime.c
cfn=(254) _dl_fixup
calls=4 +36 
* 3421
+1 4
+2 4
+1 4
+1 4
+1 4

fl=(25)
fn=(74)
38 6
+3 6
+1 6
+7 6
+1 6
+1 6
+1 6
+13 6
+1 6
+1 2
+1 2
+1 2
+1 2
+1 2
+1 2
+2 2
+1 2
+1 2
+1 2
+1 2
+1 2
+1 2
+1 2
+2 2
+1 2
+41 2
+2 2
+1 2
+2 2
+1 2
+10 2
-14 6
+1 6
+2 6
+1 6
+10 6
+4 8
+3 8
+1 8
+4 8
+6 7
+1 7
+1 7
+3 7
+1 7
+1 7
+1 7
+2 7
+2 7
+1 7
+2 7
+1 7
+3 7
+1 7
+1 7
+1 7
+2 7
+1 7
+1 7
+1 7
+3 7
+1 7
+1 7
+1 7
+2 7
+2 7
+1 7
+2 7
+1 7
+3 7
+1 7
+1 7
+1 7
+2 7
+1 7
+1 7
+1 7
+3 7
+1 6
+1 6
+1 6
+2 6
+2 4
+1 4
+2 4
+1 4
+3 4
+1 4
+1 4
+1 4
+2 4
+1 4
+1 4
+1 4
+3 4
+1 3
+1 3
+1 3
+2 3
+3 5
+2 5
+5 5
+14 1
+1 1
+23 1
+5 1

fl=(26)
fn=(82) _dl_debug_state
76 4
+1 4

fn=(80)
49 20
cfi=(3)
cfn=(4)
calls=4 +82 
* 8
* 4
+3 4
-3 12
+3 4
+5 4
-5 4
+5 12
+4 2
-1 1
+1 1
+1 1
-1 1
+1 2
+1 2
+4 28
-10 9

fl=(55)
fn=(254)
73 24
+3 4
-3 4
cfi=(3)
cfn=(4)
calls=4 +58 
* 8
* 4
+3 8
+3 8
+1 4
+1 4
-1 28
+6 4
-5 8
-1 4
+1 4
+5 4
+4 8
+4 12
+5 18
+1 9
+8 16
+10 52
cfi=(7)
cfn=(164)
calls=4 713 
* 3068
* 8
+4 12
+10 28
+16 4
-8 4
+8 12
+4 12
fi=(6)
283 12
fe=(55)
156 24
-56 2

fl=(37) /build/buildd/eglibc-2.12.1/elf/dl-version.c
fn=(146) match_symbol
82 28
cfi=(3)
cfn=(4)
calls=4 +49 
* 8
* 8
+1 4
-1 4
+1 4
+8 4
-8 4
+8 4
+6 16
+15 4
+1 8
+2 8
+5 8
+14 30
+12 33
+4 11
-30 22
+19 32
cfi=(19)
cfn=(54)
calls=4 34 
* 324
* 12
+34 4
+1 28

fn=(144) _dl_check_map_versions
180 32
+15 8
-15 4
cfi=(3)
cfn=(4)
calls=4 -49 
* 8
* 8
+15 8
+4 4
-2 4
+3 4
+2 4
-5 4
+2 4
+1 4
+2 4
+3 6
+4 2
-4 2
+4 4
+10 8
+7 4
62 2
226 2
62 2
226 2
62 12
+1 5
-1 10
+2 21
cfi=(29)
cfn=(96)
calls=7 301 
* 568
* 14
230 4
+4 6
+5 8
+20 2
-16 65
cfn=(146)
calls=1 82 
* 131
* 33
cfn=(146)
calls=3 82 
* 477
* 28
+11 12
+9 8
+6 4
+8 12
+3 18
+6 10
+4 10
-4 6
+4 145
-4 89
+8 12
+87 14
-82 15
cfi=(17)
cfn=(38)
calls=3 108 
* 231
* 3
+2 3
-2 3
+2 3
+8 3
+3 3
-3 3
+3 6
+2 9
+3 14
+4 8
+18 6
-13 16
+2 8
+3 4
-3 12
+1 12
+1 12
+1 12
+3 12
+8 10
+10 9
+3 10
+20 31
-14 31
-2 31
+2 33
-2 2
+2 2
+5 186
+2 31
-2 31
+1 93
+4 99
+10 14

fn=(142) _dl_check_all_versions
387 3
+4 1
-4 1
+4 1
-4 3
cfi=(3)
cfn=(4)
calls=1 131 
* 2
* 1
+4 1
-4 2
+4 2
+1 12
-1 4
+1 4
-1 8
+5 7
-3 16
cfn=(144)
calls=4 180 
* 2869
-1 16

fl=(2)
fn=(52)
840 12
+1 4
+1 8

fn=(84) do_preload
801 4
+12 1
-12 1
cfi=(3)
cfn=(4)
calls=1 131 
* 2
* 3
+6 1
-6 1
+12 1
-5 1
+5 2
-2 1
+2 1
-10 1
+6 1
+4 1
-2 1
+2 2
cfi=(27)
cfn=(86)
calls=1 160 
* 2765
+1 1
-1 1
+1 2
+2 4
+12 6

fn=(92)
627 1
+2 1
-2 4
+2 7
cfi=(21)
cfn=(94)
calls=1 1971 
* 2682
* 2
+2 3

fn=(88)
792 4
cfi=(22)
cfn=(68)
calls=4 84 
* 8
* 12
+3 12

fn=(140)
659 1
+3 1
-3 4
cfi=(3)
cfn=(4)
calls=1 131 
* 2
* 3
+3 3
cfi=(37)
cfn=(142)
calls=1 387 
* 2953
-1 2
+4 5

fn=(154) security_init
848 5
cfi=(3)
cfn=(4)
calls=1 131 
* 2
* 2
fi=(38) /build/buildd/eglibc-2.12.1/elf/../sysdeps/unix/sysv/linux/dl-osinfo.h
72 1
fe=(2)
848 1
fi=(38)
68 1
fe=(2)
850 1
fi=(38)
75 2
+48 5
fe=(2)
852 1
+6 3
+2 1
fi=(38)
132 2
+11 1
fe=(2)
863 1
+2 1
+6 1
+1 6

fn=(148) init_tls
719 1
+62 1
-62 5
cfi=(3)
cfn=(4)
calls=1 131 
* 2
* 2
+6 1
-4 1
+4 1
-4 1
+4 1
+60 7
-54 1
+3 4
cfi=(17)
cfn=(38)
calls=1 108 
* 77
+12 1
-12 1
+7 1
+1 1
+4 1
+2 5
+2 12
+4 1
+2 1
-7 1
-1 2
+1 3
-1 7
+10 2
+3 1
cfi=(36)
cfn=(150)
calls=1 116 
* 89
+7 1
cfi=(36)
cfn=(152)
calls=1 332 
* 499
+1 1
-1 1
+1 1
+6 1
+4 1
-4 1
+4 17
+3 1
+2 1

fn=(26)
887 6
cfi=(3)
cfn=(4)
calls=1 131 
* 2
* 2
+19 2
+3 2
+4 2
+1 2
+5 2
+3 2
cfn=(28) process_envvars
calls=1 2514 
* 577
+7 4
1108 7
cfi=(15)
cfn=(34)
calls=1 36 
* 335
* 1
+2 1
-2 1
+2 1
+1 2
+1 1
+2 1
-1 1
+1 1
-2 1
+2 1
-1 1
+1 1
+29 1
-3 1
-5 1
+8 3
-7 1
+2 1
+5 2
+22 1
-22 1
+43 1
-21 1
+21 2
-42 24
-1 24
+1 44
+95 2
+1 3
-5 2
+1 1
-88 3
+1 1
+49 14
+2 4
+1 2
+3 2
+1 2
-1 2
+1 2
+1 2
+1 6
+1 2
-43 1
-3 2
+3 1
+7 2
-10 1
+10 1
+68 2
-87 3
+1 1
+92 3
+3 2
+2 2
+2 2
+13 3
+1 9
cfi=(19)
cfn=(54)
calls=1 34 
* 9
-1 3
+8 1
+3 1
-5 1
+3 1
+2 1
+1 2
+4 2
+2 2
fi=(4)
104 1
+9 2
+6 1
-2 1
+2 2
+3 15
+15 15
-18 45
+18 4
-18 12
+2 38
+5 16
+1 12
+1 4
+16 3
+38 3
+7 3
+5 2
+4 2
+1 3
+12 3
+14 3
+7 2
fe=(2)
1289 2
cfi=(7)
cfn=(12)
calls=1 858 
* 40
+3 2
+20 4
+89 1
cfi=(9)
cfn=(58)
calls=1 67 
* 104
* 8
+5 2
cfi=(21)
cfn=(62)
calls=1 622 
* 4296
+3 3
cfi=(26)
cfn=(80)
calls=1 49 
* 35
+7 1
-7 1
+2 1
+5 1
+4 1
+1 1
+2 1
-2 1
-1 2
+4 2
+5 1
-9 1
+2 1
-1 1
+8 1
+5 1
+4 1
-3 1
+3 1
-3 1
+7 1
-5 1
+5 3
+1 2
+1 1
-1 2
+1 3
+2 2
+1 2
+5 2
+5 4
1638 3
+3 2
+4 3
+5 2
+1 1
cfi=(26)
cfn=(82)
calls=1 76 
* 4
+4 3
+15 3
+4 4
+31 5
cfi=(22)
cfn=(66)
calls=1 82 
* 18
* 2
+77 1
+11 1
-11 3
+17 2
+1 3
-1 1
+1 6
cfi=(32)
cfn=(118)
calls=1 149 
* 9818
* 2
+1 1
+2 6
+3 6
+1 3
-1 2
+1 9
-1 7
+4 3
+1 3
+1 1
+2 2
+1 11
-1 6
fi=(4)
131 4
+3 4
+1 4
fe=(2)
1815 1
+12 1
+1 1
-1 1
+1 1
+2 4
+5 1
-5 1
+4 2
+12 1
+2 3
+1 1
+1 1
-1 1
+1 3
+11 2
+2 2
-2 2
+1 4
+1 2
cfi=(27)
cfn=(138)
calls=1 198 
* 3017
+10 1
+1 1
-1 1
+1 1
+3 2
+3 1
cfn=(154)
calls=1 848 
* 37
+2 2
2111 3
2274 4
+1 1
+5 2
cfi=(36)
cfn=(176)
calls=1 380 
* 146
+4 2
+8 5
+15 1
+2 1
-2 2
+3 7
cfi=(39)
cfn=(158)
calls=1 158 
* 6283
+1 1
+2 6
+8 1
cfi=(8)
cfn=(178)
calls=1 251 
* 4
+4 3
+20 3
cfi=(26)
cfn=(80)
calls=1 49 
* 28
+1 1
+1 1
cfi=(26)
cfn=(82)
calls=1 76 
* 4
+4 1
cfi=(34)
cfn=(180) _dl_unload_cache
calls=1 309 
* 30
+5 6
2167 1
+4 1
-4 1
+4 3
+48 1
+7 1
-7 2
+7 1
-7 1
+10 17
+3 4
+22 4
+2 8
-18 8
+2 8
+6 8
+1 33
cfi=(39)
cfn=(158)
calls=3 158 
* 73700
+4 14
+1 2
cfi=(36)
cfn=(174)
calls=1 820 
* 28
* 1
+5 1
+2 2
+6 1
-6 2
+6 1
1846 2
1430 4
-11 4
1681 59
cfi=(18)
cfn=(48)
calls=1 44 
* 32
* 1
+3 1
+7 1
-7 3
+7 2
-7 4
+3 5
cfi=(17)
cfn=(78)
calls=1 320 
* 890
* 5
cfi=(17)
cfn=(78)
calls=1 320 
* 27
* 6
+1 4
+3 5
cfn=(84)
calls=1 801 
* 2804
* 2
fi=(4)
189 2
fe=(2)
1875 1
cfn=(148)
calls=1 719 
* 759
* 2
2242 1
+1 1
-3 2
1786 8
+4 1
+1 1
-1 1
+2 2
+1 3
+21 1
1693 1
+2 5

fn=(50)
834 12
+1 4
+1 8

fn=(2)
364 7
cfi=(3)
cfn=(4)
calls=1 131 
* 2
* 2
+18 2
fi=(6)
49 1
+11 1
fe=(2)
382 1
fi=(6)
60 1
fe=(2)
411 1
-3 1
fi=(4)
119 1
fe=(2)
411 1
fi=(4)
119 2
+3 15
+15 13
-18 39
+18 1
-18 3
+2 36
+5 20
+1 12
+10 4
-18 13
+25 2
+20 4
+1 4
+1 4
+1 4
+5 4
+2 4
+1 4
+1 4
+6 3
+3 2
+13 3
+1 3
+4 3
+2 3
+3 3
+1 3
fe=(2)
539 3
287 1
546 1
287 97
fi=(4)
128 4
+3 4
fe=(2)
287 2
+12 2
cfi=(7)
cfn=(12)
calls=1 858 
* 40
+1 2
+1 2
+1 2
+1 2
+21 2
+10 1
-10 1
+10 1
-6 1
+6 3
cfi=(8)
cfn=(14)
calls=1 89 
* 104574
* 1
+9 1
+3 2
+4 1
-4 2
+4 1
571 7
-27 17
fi=(5)
75 3
+1 3
+3 5
+25 3
fi=(6)
640 1
fi=(5)
105 1
fi=(6)
640 13
fi=(5)
105 12
fi=(6)
640 12
-1 13
fi=(5)
104 13
fi=(6)
641 13
fi=(5)
104 27
+5 3
+8 5
+5 1
-2 1
+2 1
-2 4
fi=(6)
348 1
-3 2
+3 3
fi=(5)
122 7
-2 7
+2 7
-2 28
fi=(6)
348 7
-3 14
+3 21
+5 32
+4 24
fi=(5)
117 25
fi=(4)
+17 4
+1 4
fe=(2)

fn=(28)
2514 6
cfi=(3)
cfn=(4)
calls=1 131 
* 2
* 3
+7 2
+1 3
2671 2
2522 2
-7 1
+6 3
2658 1
-6 1
2515 1
2680 2
-22 1
-6 2
2524 2
cfi=(13) /build/buildd/eglibc-2.12.1/elf/dl-environ.c
cfn=(30) _dl_next_ld_env_entry
calls=1 30 
* 43
* 4
cfi=(13)
cfn=(30)
calls=2 30 
* 265
* 9
+4 6
-4 2
+4 38
+1 19
-1 57
+9 12
2690 1
-4 2
+4 1
-4 1
+4 1
+33 3
+22 6
2613 17
-53 5
+7 6
cfi=(14)
cfn=(32)
calls=1 58 
* 36
* 3
+2 2
+1 1
+45 2
+1 1

fl=(7)
fn=(166) do_lookup_x
83 651
-5 186
+5 279
cfi=(3)
cfn=(4)
calls=93 +48 
* 186
* 93
-5 837
+6 93
231 279
+4 93
89 93
273 93
-42 186
115 93
235 93
+38 93
-38 93
115 186
-16 93
-3 93
+1 93
+2 93
+3 93
-3 93
+3 93
-3 195
-3 195
+1 195
+2 195
+3 195
-3 195
+3 195
+4 576
+4 576
+4 576
+7 864
+4 288
+1 288
-1 576
+1 576
227 864
+1 576
+4 864
+3 576
-3 288
+3 3168
+24 201
+24 402
459 1194
+1 179
-1 516
+4 999
+4 24
283 2
+2 4
+3 757
+17 178
+1 89
-1 89
+1 89
467 89
306 89
467 445
292 33
460 42
cfi=(29)
cfn=(96)
calls=21 301 
* 1211
-1 63
242 470
+1 188
+2 564
+10 293
-7 935
+2 178
+1 89
-1 356
+1 267
cfn=(168) check_match.8647
calls=89 133 
* 13497
+1 182
115 21
426 261

fn=(12)
858 24
+4 4
-4 4
cfi=(3)
cfn=(4)
calls=4 131 
* 8
* 4
+4 8
+5 4
+3 8
+1 8
+1 4
+2 12
+1 4
+1 8
+2 4
+1 4
+2 4
+2 8
-7 4
+7 12
+13 24

fn=(168)
133 623
+1 89
-1 178
cfi=(3)
cfn=(4)
calls=89 -2 
* 178
* 89
+1 89
+2 178
+2 445
+10 267
+3 178
+5 89
-1 89
+1 89
-1 89
+1 89
+2 172
+19 172
+1 344
-1 86
+2 86
-1 172
+1 516
cfi=(19)
cfn=(54)
calls=86 34 
* 6476
-1 258
+46 623
-73 102
cfi=(19)
cfn=(54)
calls=17 34 
* 1454
* 34
+55 9
+2 36
+4 4
+1 4
-1 2
+1 2
-1 2
+3 6
-79 178

fn=(164)
713 372
474 93
713 279
474 93
713 186
474 93
713 93
cfi=(3)
cfn=(4)
calls=93 131 
* 186
* 93
474 279
+1 279
-1 93
+1 186
-1 279
+1 3393
-1 1131
+1 2262
-1 3393
723 93
-4 93
-4 93
+8 93
-7 186
+7 265
+5 558
+6 1023
+8 4
-8 20
+2 1953
cfn=(166)
calls=93 83 
* 40295
+3 186
-5 186
+33 186
+23 356
+1 534
+35 356
+14 267
+3 267
1012 89
848 178
+1 89
+1 558
-81 32
+17 12
+1 4
+54 2

fl=(11)
fn=(22)
47 13
+2 13
+2 13
+2 13
+1 3
+2 3
+1 3
+2 2
+1 2
+2 2
+2 2
+1 2
+2 2
+2 1
+1 1
+2 1
+1 1
+26 1
+1 1
+2 1
+1 1
+2 1
+1 1
-7 17
+1 17
+2 17
+1 17
+2 17
+1 17
+2 18
+2 18
+2 18
+3 18
+1 18
+2 18
+1 18
+2 18
+1 18
+2 15
+2 15
+2 15
+3 15
+1 15
+2 15
+1 15
+2 15
+1 15
+2 14
+2 14
+2 14
+3 12
+1 12
+2 12
+1 12
+2 12
+1 12
+2 8
+2 8
+2 8
+3 12
+1 12
+2 12
+1 12
+2 8
+1 8
+2 8
+2 3
+1 3
+2 3
+1 3
+2 1
+3 1
+4 1
-4 12
+4 12

fl=(63) /build/buildd/eglibc-2.12.1/elf/dl-fini.c
fn=(326) _dl_sort_fini
34 9
cfi=(3)
cfn=(4)
calls=1 +97 
* 2
* 3
+1 2
+2 1
+2 2
+7 2
+1 1
-1 4
+1 2
-1 1
+1 3
-8 3
+3 15
+4 15
+1 19
-1 14
+5 28
+2 6
+1 4
-1 3
+1 4
+3 4
+23 2
-24 12
+27 9
-32 20
+26 2
-38 6
+76 6

fn=(324) _dl_fini
121 7
cfi=(3)
cfn=(4)
calls=1 +10 
* 2
* 4
+22 3
+87 3
-87 10
+3 3
cfi=(2)
cfn=(50)
calls=1 834 
* 6
+3 2
+3 2
+2 2
-2 7
+13 5
+16 7
+2 8
+2 12
+2 4
+1 4
+1 4
+4 4
-12 13
+14 2
+4 3
+2 1
+9 1
-9 7
cfn=(326)
calls=1 34 
* 204
+9 1
-9 1
+9 2
cfi=(2)
cfn=(52)
calls=1 840 
* 6
* 1
+6 2
+2 3
-2 6
+2 9
+3 8
+3 12
+4 2
+7 6
+6 1
-3 2
+3 2
+1 7
+1 1
cob=(4)
cfi=(47) /build/buildd/eglibc-2.12.1/elf/soinit.c
cfn=(364) __libc_fini
calls=1 36 
* 15
* 1
-1 4
+5 9
+1 6
cob=(2)
cfi=(16)
cfn=(338)
calls=1 0 
* 894
cob=(2)
cfi=(16)
cfn=(328)
calls=1 0 
* 29
+5 24
+16 4
-55 13
-71 2
+71 1
-71 2
274 5
+6 2
+7 6
-62 9
+3 4
-61 3
+3 8

fl=(12)
fn=(24)
35 5
cfi=(3)
cfn=(4)
calls=1 +96 
* 2
* 4
+8 6
+4 2
+11 7

fl=(13)
fn=(30)
30 9
+1 3
-1 3
+4 11
+2 84
+11 40
-13 121
+17 9
-14 20
+5 2
-3 2
+3 2
+2 2

fl=(31)
fn=(112)
52 3
+1 3
+2 3
+1 3
+5 3
+2 3
+1 3
+2 3
+1 3
+12 3
+1 3
+1 3
+2 3
+2 428
+2 3
+1 3
+5 3
+3 3
+8 3

fl=(28)
fn=(90)
34 3
+4 3
+1 3
+1 3
+1 3
+4 3
+1 3
+4 3
+2 3
+4 3
+1 3

fl=(40)
fn=(172)
82 36
+1 4

fn=(182) munmap
82 8
+1 1

fl=(29)
fn=(130) _dl_sysdep_read_whole_file
44 5
cfi=(3)
cfn=(4)
calls=1 +87 
* 2
* 5
+3 3
cfi=(22)
cfn=(104)
calls=1 +35 
* 10
+1 2
-1 1
+1 1
+2 5
cfi=(30)
cfn=(110)
calls=1 -4 
* 18
* 2
+2 1
+3 1
-3 1
+3 1
+13 3
cfi=(22)
cfn=(116)
calls=1 +14 
* 8
* 1
+3 7
-14 8
cfi=(24)
cfn=(72)
calls=1 -22 
* 23
* 2

fn=(96)
301 280
cfi=(3)
cfn=(4)
calls=35 131 
* 70
* 70
+1 140
cfi=(19)
cfn=(54)
calls=35 34 
* 322
* 70
+3 35
+2 70
+4 36
-4 108
+1 156
cfi=(19)
cfn=(54)
calls=39 34 
* 658
* 78
+6 3
-7 3
+7 47
-7 32
+7 160

fl=(34)
fn=(180)
309 4
cfi=(3)
cfn=(4)
calls=1 131 
* 2
* 2
+1 4
+2 4
cfi=(40)
cfn=(182)
calls=1 82 
* 9
+1 1
+2 4

fn=(134) _dl_cache_libcmp
140 80
+1 22
+2 150
+2 5
+6 1
+1 1
-1 1
+1 2
-1 1
+1 2
+1 6
+2 4
+2 2
+17 45
-11 245
+2 147
+4 40
+1 120
-29 80
+32 1
+1 4
-1 1
+1 1
-8 36

fn=(128)
183 6
cfi=(3)
cfn=(4)
calls=1 -52 
* 2
* 3
+8 2
+3 4
+45 2
+6 4
+11 1
-2 1
fi=(35) /build/buildd/eglibc-2.12.1/elf/../sysdeps/i386/dl-procinfo.h
101 1
fe=(34)
254 1
+2 1
fi=(35)
101 3
+3 4
cfi=(19)
cfn=(54)
calls=1 -70 
* 16
* 12
cfi=(19)
cfn=(54)
calls=3 -70 
* 71
* 8
-2 12
fe=(34)
262 10
+2 1
-2 1
+2 3
cfi=(22)
cfn=(66)
calls=1 82 
* 18
+15 2
-15 1
+15 2
-25 1
+25 1
-25 1
+25 1
-25 1
+25 1
-25 1
+25 2
-25 1
+25 131
cfn=(134)
calls=9 140 
* 899
* 50
+21 7
197 4
cfi=(29)
cfn=(130)
calls=1 44 
* 110
+8 2
+1 1
-1 1
+1 1
-1 1
+1 3
-1 13
+8 1
-3 2
+3 2
+3 1
+1 2
-1 1
+1 1
+19 2
fi=(35)
105 1
fe=(34)
256 3
+1 1
-1 1
+1 3
+1 10
-39 2
-2 22
+62 19
cfn=(134)
calls=1 140 
* 98
* 24
+16 4
-16 29

fl=(33)
fn=(126)
47 32
+3 16
-3 16
+3 16
-3 16
cfi=(3)
cfn=(4)
calls=16 +84 
* 32
* 16
+3 96
+34 48
-34 60

ob=(3)
fl=(42)
fn=(198)
0 4
cfn=(200) 0x00000407
calls=1 0 
0 2
0 9

fn=(208)
0 5
cfn=(200)
calls=1 0 
0 2
0 8

fn=(340)
0 5
cfn=(200)
calls=1 0 
0 2
0 10
cob=(4)
cfi=(64) /build/buildd/eglibc-2.12.1/stdlib/cxa_finalize.c
cfn=(354) __cxa_finalize
calls=1 31 
0 71
cob=(1)
cfi=(54)
cfn=(252)
calls=1 29 
0 781
0 14

fn=(200)
0 6

ob=(4)
fl=(64)
fn=(354)
31 6
cfi=(44) /build/buildd/eglibc-2.12.1/string/../sysdeps/i386/i686/multiarch/strcmp.S
cfn=(218) 0x00016b1f
calls=1 +18 
* 2
* 3
+4 4
+4 8
-4 5
+32 4
+4 7
-4 3
+12 2
+1 1
+2 5
-2 1
cfi=(65) /build/buildd/eglibc-2.12.1/nptl/../nptl/sysdeps/unix/sysv/linux/unregister-atfork.c
cfn=(356) __unregister_atfork
calls=1 -51 
* 20

fl=(48) /build/buildd/eglibc-2.12.1/libio/oldstdfiles.c
fn=(226) _IO_check_libio
78 5
cfi=(44)
cfn=(218)
calls=1 -29 
* 2
* 2
+1 3
+13 5

fl=(62) /build/buildd/eglibc-2.12.1/stdlib/exit.c
fn=(322) __run_exit_handlers
37 8
cfi=(44)
cfn=(218)
calls=1 +12 
* 2
* 5
+5 3
+36 3
-32 1
+32 1
-32 1
+32 3
-32 1
+32 1
-32 1
+4 1
-1 2
+1 4
+33 2
+1 1
-1 1
+1 1
+6 2
+1 7
cfi=(66) /build/buildd/eglibc-2.12.1/libio/genops.c
cfn=(366) _IO_cleanup
calls=1 1007 
* 168
* 4
+2 2
cfi=(67) /build/buildd/eglibc-2.12.1/posix/../sysdeps/unix/sysv/linux/i386/_exit.S
cfn=(370) _Exit
calls=1 -68 
* 3
-19 3
+4 2
-2 2
+2 2
cob=(1)
cfi=(63)
cfn=(324)
calls=1 +43 
* 1443
* 1

fn=(320) exit
100 4
cfi=(44)
cfn=(218)
calls=1 -51 
* 2
* 8
cfn=(322)
calls=1 -63 
* 1681

fl=(65)
fn=(356)
29 6
cfi=(44)
cfn=(218)
calls=1 +20 
* 2
* 3
+8 1
+3 2
+82 6

fl=(58) /build/buildd/eglibc-2.12.1/setjmp/../sysdeps/i386/bsd-_setjmp.S
fn=(286) _setjmp
36 1
+1 1
+4 1
+1 1
+1 1
+1 1
+2 2
+2 1
+1 1
+2 2
+2 1
+2 1
+2 1
+1 1

fl=(59) /build/buildd/eglibc-2.12.1/stdlib/random.c
fn=(296) srand
211 2
+1 2
-1 2
+1 2
-1 6
cfi=(44)
cfn=(218)
calls=2 49 
* 4
* 2
+1 8
+1 10
cfi=(60) /build/buildd/eglibc-2.12.1/stdlib/random_r.c
cfn=(298) srandom_r
calls=2 -48 
* 33372
+1 8
+1 8

fn=(308) random
293 200000
+3 200000
-3 200000
+3 200000
-3 600000
cfi=(44)
cfn=(218)
calls=200000 49 
* 400000
* 200000
+3 800000
+2 1000000
cfi=(60)
cfn=(300) random_r
calls=200000 +66 
* 9200000
+2 800000
+3 1000000

fl=(60)
fn=(300)
364 1404340
cfi=(44)
cfn=(218)
calls=200620 49 
* 401240
* 401240
+3 200620
-3 200620
+3 601860
+5 200620
-2 200620
+2 401240
+11 200620
-1 200620
+1 200620
+3 200620
-4 200620
+4 601860
+2 200620
+1 200620
+1 200620
-2 200620
+2 200620
+7 388300
+1 388300
+3 194150
+1 388300
+7 1164900
-8 6470
+1 12940
+7 38820
-16 25880

fn=(298)
165 16
cfi=(44)
cfn=(218)
calls=2 49 
* 4
* 4
+8 4
+44 12
-42 2
+1 4
+3 2
+2 2
-2 2
+2 4
+2 2
+1 2
-1 2
+1 2
+5 2
+1 2
-1 2
+1 2
+7 2
-7 2
+7 4
+3 60
-10 180
+7 660
+1 120
+1 2
+4 4
+2 2
-1 2
-1 4
+2 2
+1 12
+3 8
cfn=(300)
calls=2 364 
* 92
* 2472
cfn=(300)
calls=618 364 
* 28428
-3 1244

fl=(61) /build/buildd/eglibc-2.12.1/stdlib/rand.c
fn=(306) rand
27 800000
cfi=(44)
cfn=(218)
calls=200000 +22 
* 400000
* 200000
+1 200000
cfi=(59)
cfn=(308)
calls=200000 293 
* 14800000
+1 600000

fl=(49) /build/buildd/eglibc-2.12.1/string/../sysdeps/x86_64/cacheinfo.c
fn=(232) handle_intel
256 18
+1 12
+13 6
+1 9
+8 15
+5 3
-5 9
+5 3
+7 18
cfn=(234) intel_check_word
calls=3 163 
* 2961
+1 6
+3 18
cfn=(234)
calls=3 163 
* 2184
+1 6
+3 15
cfn=(234)
calls=3 163 
* 66
+1 6
+3 15
cfn=(234)
calls=3 163 
* 1973
+1 6
-31 3
+35 8
+5 15
-27 3
+1 3
-1 6

fn=(238) intel_02_known_compare
145 392
+7 1176
+3 378
+1 392

fn=(228) init_cacheinfo
493 5
cfi=(44)
cfn=(218)
calls=1 49 
* 2
* 3
+13 3
679 6
507 1
cfi=(50) /build/buildd/eglibc-2.12.1/csu/../sysdeps/x86_64/multiarch/init-arch.c
cfn=(230) __init_cpu_features
calls=1 45 
* 58
* 1
+6 2
+2 3
cfn=(232)
calls=1 256 
* 2660
+4 1
-4 1
+4 2
cfn=(232)
calls=1 256 
* 2675
+2 2
-2 1
+2 1
+11 2
+18 5
+7 10
+6 2
-6 12
+6 4
+3 15
+2 2
+6 7
+11 2
+27 2
+56 3
+2 3
+1 2
+3 2
+2 3
+1 2
-64 5
-88 3
cfn=(232)
calls=1 256 
* 2052
* 3

fn=(234)
163 96
cfi=(44)
cfn=(218)
calls=12 49 
* 24
* 12
+1 12
-1 12
+1 12
+8 12
-2 45
+52 9
-52 9
+52 18
-52 9
+52 18
-52 9
+52 18
-36 66
+9 2
-1 1
+27 1
+1 9
cfi=(51) /build/buildd/eglibc-2.12.1/stdlib/bsearch.c
cfn=(236) bsearch
calls=1 27 
* 186
-1 29
+1 261
cfi=(51)
cfn=(236)
calls=29 27 
* 5914
+2 60
+2 28
+14 10
+6 28
-74 56
+2 60
+2 60
-4 10
+79 60
-10 6
-13 4
+2 4
+2 2
+19 12

fl=(44)
fn=(218)
49 600654
+1 600654

fl=(50)
fn=(230)
45 1
+8 1
-8 4
cfi=(44)
cfn=(218)
calls=1 +4 
* 2
* 2
+8 3
+3 1
-11 1
+8 1
+3 3
+43 1
+1 1
+2 1
+1 6
-47 2
-24 6
+6 2
-6 1
+7 1
-1 1
-6 1
+32 1
-25 1
+25 1
-25 1
+25 1
+1 1
-33 1
+33 1
+5 2
-31 2
+33 1
+1 3

fl=(56) /build/buildd/eglibc-2.12.1/csu/libc-start.c
fn=(258) (below main)
96 6
cfi=(44)
cfn=(218)
calls=1 -47 
* 2
* 4
+10 4
+52 1
-52 1
+52 1
+1 4
cfi=(57) /build/buildd/eglibc-2.12.1/stdlib/cxa_atexit.c
cfn=(260) __cxa_atexit
calls=1 57 
* 106
+22 4
+3 2
+1 8
cob=(5)
cfi=(53)
cfn=(266) __libc_csu_init
calls=1 0 
* 57
+4 4
+15 2
+9 3
cfi=(58)
cfn=(286)
calls=1 36 
* 16
+1 2
+5 2
+1 2
+3 2
+3 8
cob=(5)
cfi=(53)
cfn=(288) main
calls=1 0 
* 1195028240
+32 2
cfi=(62)
cfn=(320)
calls=1 100 
* 1695
106 2

fl=(45) /build/buildd/eglibc-2.12.1/misc/init-misc.c
fn=(220) __init_misc
31 7
cfi=(44)
cfn=(218)
calls=1 +18 
* 2
* 2
+1 5
+2 3
cfi=(46) /build/buildd/eglibc-2.12.1/string/../sysdeps/i386/strrchr.S
cfn=(222) rindex
calls=1 +3 
* 68
+1 2
+3 3
+1 3
+2 6

fl=(47)
fn=(364)
36 5
cfi=(44)
cfn=(218)
calls=1 +13 
* 2
* 1
-17 3
+20 4

fn=(224) __libc_global_ctors
26 5
cfi=(44)
cfn=(218)
calls=1 +23 
* 2
* 1
-7 5
+1 1
cfi=(48)
cfn=(226)
calls=1 +58 
* 17
-1 2
+1 2
cfi=(52) /build/buildd/eglibc-2.12.1/elf/dl-altinit.c
cfn=(240) dlinit_alt
calls=1 +21 
* 14
cfi=(49)
cfn=(228)
calls=1 493 
* 7568
-1 9
+10 4

fl=(67)
fn=(370)
25 1
+4 1
+1 1

fl=(66)
fn=(368) _IO_flush_all_lockp
823 6
cfi=(44)
cfn=(218)
calls=1 49 
* 2
* 3
+6 7
+1 2
+5 1
-1 1
+2 2
-2 1
+2 1
+4 3
-4 2
+3 2
-1 2
+1 3
-1 1
+1 1
+3 9
+2 6
-2 6
+10 6
+4 6
-2 3
+2 3
+7 3
-27 6
+31 2
+2 3
+4 7
-31 9

fn=(366)
1007 6
cfi=(44)
cfn=(218)
calls=1 49 
* 2
* 2
+3 2
cfn=(368)
calls=1 823 
* 109
-59 2
+59 1
-59 1
+11 3
-9 21
+34 3
-36 9
+71 7

fl=(43)
fn=(216)
52 6
cfi=(44)
cfn=(218)
calls=1 -3 
* 2
* 5
+6 3
+17 1
-2 1
+1 1
+1 1
+14 4
cfi=(45)
cfn=(220)
calls=1 -58 
* 101
+8 1
cfi=(47)
cfn=(224)
calls=1 -71 
* 7630
+2 6
-32 2
-9 1
+9 3

fl=(52)
fn=(240)
41 4
cfi=(44)
cfn=(218)
calls=1 +8 
* 2
* 1
-8 4
+10 3

fl=(46)
fn=(222)
37 1
+3 1
+3 1
+1 1
+2 1
+7 1
+1 1
+1 1
+1 1
+13 1
+1 1
+1 1
+1 1
+1 1
+2 1
+1 1
+1 1
+2 1
+1 1
+79 1
+1 1
+1 1
+1 1
+1 1
+8 1
+1 1
+1 1
+3 1
+2 1
+1 1
+1 1
+11 1
-13 1
+1 1
+1 1
+11 1
+4 2
+3 2
+1 2
+4 2
+6 1
+2 1
+1 1
+3 1
+1 1
+1 1
+1 1
+2 1
+85 1
+1 1
+2 1
+1 1
+2 1
+1 1
+2 1
+1 1
+2 1
+1 1
+1 1
+2 1
+1 1
+8 1
+3 1
+5 1

fl=(51)
fn=(236)
27 210
+7 468
+2 196
+1 196
-1 392
+1 588
+1 784
cfi=(49)
cfn=(238)
calls=196 145 
* 2338
+1 392
+2 70
+1 126
-8 148
+14 66
-14 12
+14 114

fl=(57)
fn=(260)
57 4
cfi=(44)
cfn=(218)
calls=1 -8 
* 2
* 2
+1 9
cfn=(262) __internal_atexit
calls=1 -24 
* 85
+1 4

fn=(264) __new_exitfn
73 1
+6 1
-6 1
+6 1
-6 5
cfi=(44)
cfn=(218)
calls=1 -24 
* 2
* 1
+6 4
+2 6
+2 3
-2 1
+10 1
-10 3
+46 2
-1 1
+4 4
+3 7
-35 3
+14 1
+1 1
-1 1
+1 2
-32 2

fn=(262)
34 4
+1 1
-1 1
cfi=(44)
cfn=(218)
calls=1 +15 
* 2
* 3
+1 2
cfn=(264)
calls=1 +38 
* 54
+2 3
+4 2
+2 1
+1 2
+1 2
+2 2
+2 6

ob=(5)
fl=(53)
fn=(268) 0x0804875a
0 2

fn=(318) swap
0 4637895

fn=(316) sort
0 1689679
cfn=(318)
calls=23593 0 
0 353895
0 370793
cfn=(318)
calls=1 0 
0 15
0 7
cfn=(317) sort'2
calls=1 0 
0 31817022
0 7
cfn=(317)
calls=1 0 
0 54990844
0 2

fn=(317)
0 61793084
cfn=(318)
calls=185601 0 
0 2784015
0 18930829
cfn=(318)
calls=99998 0 
0 1499970
0 699986
cfn=(317)
calls=99998 0 
0 1814310476
0 699986
cfn=(317)
calls=99998 0 
0 1117322522
0 399996

fn=(288)
0 8
cfn=(290) fillWithRandomNumbers
calls=1 0 
0 11018369
0 4
cfn=(290)
calls=1 0 
0 11016734
0 7
cfn=(310) countSharedPrimes
calls=1 0 
0 1083770846
0 5
cfn=(316)
calls=1 0 
0 89222264
0 3

fn=(280)
0 11

fn=(330)
0 18

fn=(266)
0 6
cfn=(268)
calls=1 0 
0 2
0 3
cob=(2)
cfi=(16)
cfn=(270)
calls=1 0 
0 34
0 12

fn=(274)
0 8

fn=(290)
0 22
cob=(4)
cfi=(59)
cfn=(296)
calls=2 211 
0 33426
cob=(1)
cfi=(54)
cfn=(252)
calls=1 29 
0 833
0 1000004
cob=(4)
cfi=(61)
cfn=(306)
calls=200000 27 
0 17000000
cob=(1)
cfi=(54)
cfn=(252)
calls=1 29 
0 802
0 4000016

fn=(244)
0 13
cob=(4)
cfi=(56)
cfn=(258)
calls=1 96 
0 1195030180
cob=(1)
cfi=(54)
cfn=(252)
calls=1 29 
0 1049

fn=(310)
0 1000006
cfn=(312) isInArray
calls=100000 0 
0 994856340
0 800000
cfn=(314) isPrime
calls=100000 0 
0 86497541
0 616959

fn=(312)
0 994856340

fn=(314)
0 86497541

totals: 1195144683
